ga:pagePath,ga:source,ga:pageviews_prev,ga:pageviews_curr,Delta
www.corporatedirect.com/asset-protection/offshore-asset-protection-no-longer-safe/,(direct),0,1,1
www.corporatedirect.com/asset-protection/offshore-asset-protection-no-longer-safe/,CD-Newsletter,0,154,154
www.corporatedirect.com/asset-protection/offshore-asset-protection-no-longer-safe/,amazon.com,0,1,1
www.corporatedirect.com/asset-protection/offshore-asset-protection-no-longer-safe/,app.asana.com,0,1,1
www.corporatedirect.com/asset-protection/offshore-asset-protection-no-longer-safe/,ct220.infusionsoft.com,0,1,1
www.corporatedirect.com/asset-protection/offshore-asset-protection-no-longer-safe/,facebook.com,0,1,1
www.corporatedirect.com/asset-protection/offshore-asset-protection-no-longer-safe/,google,0,9,9
www.corporatedirect.com/asset-protection/offshore-asset-protection-no-longer-safe/,richdadadvisors.com,0,2,2
www.corporatedirect.com/blog/llc-separate-legal-entity/,(direct),8,41,33
www.corporatedirect.com/blog/llc-separate-legal-entity/,bing,4,1,-3
www.corporatedirect.com/blog/llc-separate-legal-entity/,com.linkedin.android,0,1,1
www.corporatedirect.com/blog/llc-separate-legal-entity/,ct220.infusionsoft.com,0,1,1
www.corporatedirect.com/blog/llc-separate-legal-entity/,facebook.com,0,4,4
www.corporatedirect.com/blog/llc-separate-legal-entity/,google,122,143,21
www.corporatedirect.com/blog/llc-separate-legal-entity/,l.facebook.com,0,1,1
www.corporatedirect.com/blog/llc-separate-legal-entity/,linkedin.com,0,7,7
www.corporatedirect.com/blog/llc-separate-legal-entity/,lm.facebook.com,0,1,1
www.corporatedirect.com/blog/llc-separate-legal-entity/,m.facebook.com,0,5,5
www.corporatedirect.com/blog/llc-separate-legal-entity/,t.co,0,15,15
www.corporatedirect.com/blog/llc-separate-legal-entity/,yahoo,3,1,-2
www.corporatedirect.com/business-credit/credit-scams-protecting-cpn-scams/,(direct),20,26,6
www.corporatedirect.com/business-credit/credit-scams-protecting-cpn-scams/,facebook.com,0,5,5
www.corporatedirect.com/business-credit/credit-scams-protecting-cpn-scams/,google,57,83,26
www.corporatedirect.com/business-credit/credit-scams-protecting-cpn-scams/,l.facebook.com,0,3,3
www.corporatedirect.com/business-credit/credit-scams-protecting-cpn-scams/,lm.facebook.com,0,2,2
www.corporatedirect.com/business-credit/credit-scams-protecting-cpn-scams/,m.facebook.com,0,103,103
www.corporatedirect.com/business-credit/credit-scams-protecting-cpn-scams/,thesmartsearch.net,0,2,2
www.corporatedirect.com/business-credit/credit-scams-protecting-cpn-scams/,yahoo,2,2,0
www.corporatedirect.com/resources/books/loopholes-of-real-estate/,(direct),43,63,20
www.corporatedirect.com/resources/books/loopholes-of-real-estate/,CD-Newsletter,2,2,0
www.corporatedirect.com/resources/books/loopholes-of-real-estate/,Incorporation-Packet,2,0,-2
www.corporatedirect.com/resources/books/loopholes-of-real-estate/,bing,2,7,5
www.corporatedirect.com/resources/books/loopholes-of-real-estate/,ct220.infusionsoft.com,0,2,2
www.corporatedirect.com/resources/books/loopholes-of-real-estate/,google,91,65,-26
www.corporatedirect.com/resources/books/loopholes-of-real-estate/,richdadadvisors.com,0,99,99
www.corporatedirect.com/resources/books/loopholes-of-real-estate/,yahoo,4,5,1
www.corporatedirect.com/start-a-business/entity-types/s-corporation/,(direct),81,71,-10
www.corporatedirect.com/start-a-business/entity-types/s-corporation/,ask,3,6,3
www.corporatedirect.com/start-a-business/entity-types/s-corporation/,bing,5,0,-5
www.corporatedirect.com/start-a-business/entity-types/s-corporation/,com.google.android.googlequicksearchbox,9,0,-9
www.corporatedirect.com/start-a-business/entity-types/s-corporation/,google,1230,1652,422
www.corporatedirect.com/start-a-business/entity-types/s-corporation/,netmail.verizon.com,2,0,-2
www.corporatedirect.com/start-a-business/entity-types/s-corporation/,search.earthlink.net,2,0,-2
www.corporatedirect.com/start-a-business/entity-types/s-corporation/,search.tb.ask.com,2,0,-2
www.corporatedirect.com/start-a-business/entity-types/s-corporation/,yahoo,19,14,-5
